26.2055
26.1721
26.188
26.1353
26.1508
26.1514
26.1478
26.1885
26.1496
26.1743
26.0961
26.135
26.1105
26.1246
26.0869
26.0857
26.0996
26.0887
26.1011
26.0938
26.1791
26.1144
26.1176
26.1228
26.129
26.1098
26.1114
26.1066
26.1121
26.1762
26.1761
26.1077
26.1267
26.1088
26.127
26.1161
26.1043
26.1233
26.1123
26.1791
26.1756
26.1113
26.1143
26.1022
26.1059
26.0972
26.1184
26.1153
26.1336
26.1775
26.1725
26.1243
26.1158
26.1072
26.1023
26.1008
26.1016
26.1451
26.1199
26.1963
26.1822
26.1147
26.117
26.104
26.1111
26.1041
26.1092
26.129
26.0997
26.1796
26.1843
26.1059
26.1143
26.1107
26.1158
26.103
26.123
26.1119
26.0945
26.1662
26.1698
26.1023
26.1006
26.096
26.0898
26.0956
26.0917
26.0961
26.1011
26.1576
26.1777
26.085
26.1753
26.1641
26.1673
26.1715
26.193
26.1856
26.0799
26.1947
